type=image
path=/nfs/e3/ImgDatabase/ImageNet_2012/ILSVRC2012_img_train
class_index={'index': 4}
class_name=hammerhead, hammerhead shark

data=stimID
n01494475/n01494475_10002.JPEG
n01494475/n01494475_10008.JPEG
n01494475/n01494475_1001.JPEG
n01494475/n01494475_10026.JPEG
n01494475/n01494475_10099.JPEG
n01494475/n01494475_10112.JPEG
n01494475/n01494475_10175.JPEG
n01494475/n01494475_10246.JPEG
n01494475/n01494475_10250.JPEG
n01494475/n01494475_1027.JPEG
n01494475/n01494475_103.JPEG
n01494475/n01494475_1034.JPEG
n01494475/n01494475_10365.JPEG
n01494475/n01494475_10381.JPEG
n01494475/n01494475_10397.JPEG
n01494475/n01494475_1040.JPEG
n01494475/n01494475_10429.JPEG
n01494475/n01494475_10451.JPEG
n01494475/n01494475_10464.JPEG
n01494475/n01494475_10522.JPEG
n01494475/n01494475_1057.JPEG
n01494475/n01494475_10598.JPEG
n01494475/n01494475_1064.JPEG
n01494475/n01494475_10648.JPEG
n01494475/n01494475_1067.JPEG
n01494475/n01494475_1071.JPEG
n01494475/n01494475_10749.JPEG
n01494475/n01494475_1075.JPEG
n01494475/n01494475_1077.JPEG
n01494475/n01494475_10801.JPEG
n01494475/n01494475_10843.JPEG
n01494475/n01494475_1085.JPEG
n01494475/n01494475_10855.JPEG
n01494475/n01494475_10866.JPEG
n01494475/n01494475_10879.JPEG
n01494475/n01494475_10931.JPEG
n01494475/n01494475_10944.JPEG
n01494475/n01494475_1095.JPEG
n01494475/n01494475_1096.JPEG
n01494475/n01494475_11027.JPEG
n01494475/n01494475_11036.JPEG
n01494475/n01494475_11042.JPEG
n01494475/n01494475_11054.JPEG
n01494475/n01494475_11071.JPEG
n01494475/n01494475_11085.JPEG
n01494475/n01494475_111.JPEG
n01494475/n01494475_11101.JPEG
n01494475/n01494475_11131.JPEG
n01494475/n01494475_11153.JPEG
n01494475/n01494475_1118.JPEG
n01494475/n01494475_11272.JPEG
n01494475/n01494475_11282.JPEG
n01494475/n01494475_1129.JPEG
n01494475/n01494475_11296.JPEG
n01494475/n01494475_11314.JPEG
n01494475/n01494475_1132.JPEG
n01494475/n01494475_11374.JPEG
n01494475/n01494475_11381.JPEG
n01494475/n01494475_11391.JPEG
n01494475/n01494475_11420.JPEG
n01494475/n01494475_11495.JPEG
n01494475/n01494475_11516.JPEG
n01494475/n01494475_11519.JPEG
n01494475/n01494475_116.JPEG
n01494475/n01494475_11617.JPEG
n01494475/n01494475_11626.JPEG
n01494475/n01494475_1164.JPEG
n01494475/n01494475_11648.JPEG
n01494475/n01494475_11649.JPEG
n01494475/n01494475_11682.JPEG
n01494475/n01494475_117.JPEG
n01494475/n01494475_1170.JPEG
n01494475/n01494475_11730.JPEG
n01494475/n01494475_11739.JPEG
n01494475/n01494475_1174.JPEG
n01494475/n01494475_11744.JPEG
n01494475/n01494475_11760.JPEG
n01494475/n01494475_11769.JPEG
n01494475/n01494475_11776.JPEG
n01494475/n01494475_11785.JPEG
n01494475/n01494475_1181.JPEG
n01494475/n01494475_11810.JPEG
n01494475/n01494475_11816.JPEG
n01494475/n01494475_11864.JPEG
n01494475/n01494475_11969.JPEG
n01494475/n01494475_11970.JPEG
n01494475/n01494475_12014.JPEG
n01494475/n01494475_1202.JPEG
n01494475/n01494475_12021.JPEG
n01494475/n01494475_12053.JPEG
n01494475/n01494475_12087.JPEG
n01494475/n01494475_1209.JPEG
n01494475/n01494475_12092.JPEG
n01494475/n01494475_12096.JPEG
n01494475/n01494475_12115.JPEG
n01494475/n01494475_12119.JPEG
n01494475/n01494475_12132.JPEG
n01494475/n01494475_12135.JPEG
n01494475/n01494475_1220.JPEG
n01494475/n01494475_12214.JPEG
n01494475/n01494475_12216.JPEG
n01494475/n01494475_12219.JPEG
n01494475/n01494475_1222.JPEG
n01494475/n01494475_1226.JPEG
n01494475/n01494475_12306.JPEG
n01494475/n01494475_12310.JPEG
n01494475/n01494475_12323.JPEG
n01494475/n01494475_1235.JPEG
n01494475/n01494475_12370.JPEG
n01494475/n01494475_12376.JPEG
n01494475/n01494475_12377.JPEG
n01494475/n01494475_12379.JPEG
n01494475/n01494475_12415.JPEG
n01494475/n01494475_12459.JPEG
n01494475/n01494475_12528.JPEG
n01494475/n01494475_12529.JPEG
n01494475/n01494475_12532.JPEG
n01494475/n01494475_1258.JPEG
n01494475/n01494475_12583.JPEG
n01494475/n01494475_12598.JPEG
n01494475/n01494475_1260.JPEG
n01494475/n01494475_12616.JPEG
n01494475/n01494475_12652.JPEG
n01494475/n01494475_12656.JPEG
n01494475/n01494475_12680.JPEG
n01494475/n01494475_12688.JPEG
n01494475/n01494475_127.JPEG
n01494475/n01494475_12716.JPEG
n01494475/n01494475_12732.JPEG
n01494475/n01494475_1278.JPEG
n01494475/n01494475_12793.JPEG
n01494475/n01494475_12796.JPEG
n01494475/n01494475_128.JPEG
n01494475/n01494475_12810.JPEG
n01494475/n01494475_12831.JPEG
n01494475/n01494475_1288.JPEG
n01494475/n01494475_12888.JPEG
n01494475/n01494475_1289.JPEG
n01494475/n01494475_1291.JPEG
n01494475/n01494475_1292.JPEG
n01494475/n01494475_12929.JPEG
n01494475/n01494475_13000.JPEG
n01494475/n01494475_13001.JPEG
n01494475/n01494475_13037.JPEG
n01494475/n01494475_1306.JPEG
n01494475/n01494475_13125.JPEG
n01494475/n01494475_13159.JPEG
n01494475/n01494475_13173.JPEG
n01494475/n01494475_13180.JPEG
n01494475/n01494475_1319.JPEG
n01494475/n01494475_1320.JPEG
n01494475/n01494475_13210.JPEG
n01494475/n01494475_13223.JPEG
n01494475/n01494475_13237.JPEG
n01494475/n01494475_1338.JPEG
n01494475/n01494475_135.JPEG
n01494475/n01494475_13508.JPEG
n01494475/n01494475_13515.JPEG
n01494475/n01494475_13586.JPEG
n01494475/n01494475_13594.JPEG
n01494475/n01494475_136.JPEG
n01494475/n01494475_13626.JPEG
n01494475/n01494475_1364.JPEG
n01494475/n01494475_13655.JPEG
n01494475/n01494475_13684.JPEG
n01494475/n01494475_13694.JPEG
n01494475/n01494475_1370.JPEG
n01494475/n01494475_13711.JPEG
n01494475/n01494475_13722.JPEG
n01494475/n01494475_13747.JPEG
n01494475/n01494475_13810.JPEG
n01494475/n01494475_13826.JPEG
n01494475/n01494475_1384.JPEG
n01494475/n01494475_13860.JPEG
n01494475/n01494475_13907.JPEG
n01494475/n01494475_13939.JPEG
n01494475/n01494475_1396.JPEG
n01494475/n01494475_1397.JPEG
n01494475/n01494475_13998.JPEG
n01494475/n01494475_14008.JPEG
n01494475/n01494475_14043.JPEG
n01494475/n01494475_14063.JPEG
n01494475/n01494475_1407.JPEG
n01494475/n01494475_14120.JPEG
n01494475/n01494475_14131.JPEG
n01494475/n01494475_14189.JPEG
n01494475/n01494475_14194.JPEG
n01494475/n01494475_1421.JPEG
n01494475/n01494475_1422.JPEG
n01494475/n01494475_1424.JPEG
n01494475/n01494475_14279.JPEG
n01494475/n01494475_1431.JPEG
n01494475/n01494475_1432.JPEG
n01494475/n01494475_14335.JPEG
n01494475/n01494475_14366.JPEG
n01494475/n01494475_1437.JPEG
n01494475/n01494475_14397.JPEG
n01494475/n01494475_1440.JPEG
n01494475/n01494475_14415.JPEG
n01494475/n01494475_14421.JPEG
n01494475/n01494475_14430.JPEG
n01494475/n01494475_14442.JPEG
n01494475/n01494475_14449.JPEG
n01494475/n01494475_14450.JPEG
n01494475/n01494475_14462.JPEG
n01494475/n01494475_14499.JPEG
n01494475/n01494475_14500.JPEG
n01494475/n01494475_14507.JPEG
n01494475/n01494475_14512.JPEG
n01494475/n01494475_14549.JPEG
n01494475/n01494475_14551.JPEG
n01494475/n01494475_1456.JPEG
n01494475/n01494475_14579.JPEG
n01494475/n01494475_14622.JPEG
n01494475/n01494475_14636.JPEG
n01494475/n01494475_14638.JPEG
n01494475/n01494475_1464.JPEG
n01494475/n01494475_14703.JPEG
n01494475/n01494475_14809.JPEG
n01494475/n01494475_1481.JPEG
n01494475/n01494475_14819.JPEG
n01494475/n01494475_14918.JPEG
n01494475/n01494475_15006.JPEG
n01494475/n01494475_1501.JPEG
n01494475/n01494475_15045.JPEG
n01494475/n01494475_15056.JPEG
n01494475/n01494475_1506.JPEG
n01494475/n01494475_1508.JPEG
n01494475/n01494475_15094.JPEG
n01494475/n01494475_15100.JPEG
n01494475/n01494475_15113.JPEG
n01494475/n01494475_15115.JPEG
n01494475/n01494475_15159.JPEG
n01494475/n01494475_1523.JPEG
n01494475/n01494475_1530.JPEG
n01494475/n01494475_15308.JPEG
n01494475/n01494475_15312.JPEG
n01494475/n01494475_15320.JPEG
n01494475/n01494475_1536.JPEG
n01494475/n01494475_15408.JPEG
n01494475/n01494475_15423.JPEG
n01494475/n01494475_15424.JPEG
n01494475/n01494475_15437.JPEG
n01494475/n01494475_15443.JPEG
n01494475/n01494475_15470.JPEG
n01494475/n01494475_15475.JPEG
n01494475/n01494475_1548.JPEG
n01494475/n01494475_15483.JPEG
n01494475/n01494475_15487.JPEG
n01494475/n01494475_1553.JPEG
n01494475/n01494475_15530.JPEG
n01494475/n01494475_15533.JPEG
n01494475/n01494475_15549.JPEG
n01494475/n01494475_15564.JPEG
n01494475/n01494475_1558.JPEG
n01494475/n01494475_15584.JPEG
n01494475/n01494475_15606.JPEG
n01494475/n01494475_15671.JPEG
n01494475/n01494475_15684.JPEG
n01494475/n01494475_15767.JPEG
n01494475/n01494475_15785.JPEG
n01494475/n01494475_1583.JPEG
n01494475/n01494475_15849.JPEG
n01494475/n01494475_1587.JPEG
n01494475/n01494475_1590.JPEG
n01494475/n01494475_15901.JPEG
n01494475/n01494475_15904.JPEG
n01494475/n01494475_1592.JPEG
n01494475/n01494475_15925.JPEG
n01494475/n01494475_15949.JPEG
n01494475/n01494475_15975.JPEG
n01494475/n01494475_15977.JPEG
n01494475/n01494475_15983.JPEG
n01494475/n01494475_15984.JPEG
n01494475/n01494475_15987.JPEG
n01494475/n01494475_15999.JPEG
n01494475/n01494475_1600.JPEG
n01494475/n01494475_16001.JPEG
n01494475/n01494475_16005.JPEG
n01494475/n01494475_16032.JPEG
n01494475/n01494475_16075.JPEG
n01494475/n01494475_16123.JPEG
n01494475/n01494475_16134.JPEG
n01494475/n01494475_16157.JPEG
n01494475/n01494475_16165.JPEG
n01494475/n01494475_16178.JPEG
n01494475/n01494475_16184.JPEG
n01494475/n01494475_16238.JPEG
n01494475/n01494475_1626.JPEG
n01494475/n01494475_16282.JPEG
n01494475/n01494475_16286.JPEG
n01494475/n01494475_163.JPEG
n01494475/n01494475_16302.JPEG
n01494475/n01494475_16307.JPEG
n01494475/n01494475_16348.JPEG
n01494475/n01494475_16354.JPEG
n01494475/n01494475_16384.JPEG
n01494475/n01494475_16393.JPEG
n01494475/n01494475_16416.JPEG
n01494475/n01494475_16418.JPEG
n01494475/n01494475_16421.JPEG
n01494475/n01494475_1643.JPEG
n01494475/n01494475_16439.JPEG
n01494475/n01494475_1644.JPEG
n01494475/n01494475_1649.JPEG
n01494475/n01494475_16510.JPEG
n01494475/n01494475_16520.JPEG
n01494475/n01494475_16538.JPEG
n01494475/n01494475_16557.JPEG
n01494475/n01494475_16559.JPEG
n01494475/n01494475_16592.JPEG
n01494475/n01494475_16623.JPEG
n01494475/n01494475_16626.JPEG
n01494475/n01494475_16666.JPEG
n01494475/n01494475_1667.JPEG
n01494475/n01494475_16671.JPEG
n01494475/n01494475_16683.JPEG
n01494475/n01494475_1669.JPEG
n01494475/n01494475_1671.JPEG
n01494475/n01494475_16729.JPEG
n01494475/n01494475_16764.JPEG
n01494475/n01494475_16768.JPEG
n01494475/n01494475_1677.JPEG
n01494475/n01494475_16773.JPEG
n01494475/n01494475_16802.JPEG
n01494475/n01494475_16816.JPEG
n01494475/n01494475_16839.JPEG
n01494475/n01494475_16842.JPEG
n01494475/n01494475_16852.JPEG
n01494475/n01494475_16856.JPEG
n01494475/n01494475_16861.JPEG
n01494475/n01494475_16867.JPEG
n01494475/n01494475_16870.JPEG
n01494475/n01494475_16892.JPEG
n01494475/n01494475_169.JPEG
n01494475/n01494475_16903.JPEG
n01494475/n01494475_16918.JPEG
n01494475/n01494475_16927.JPEG
n01494475/n01494475_16929.JPEG
n01494475/n01494475_16933.JPEG
n01494475/n01494475_16943.JPEG
n01494475/n01494475_16953.JPEG
n01494475/n01494475_16999.JPEG
n01494475/n01494475_17008.JPEG
n01494475/n01494475_17034.JPEG
n01494475/n01494475_17041.JPEG
n01494475/n01494475_17053.JPEG
n01494475/n01494475_17079.JPEG
n01494475/n01494475_17080.JPEG
n01494475/n01494475_17097.JPEG
n01494475/n01494475_17108.JPEG
n01494475/n01494475_17112.JPEG
n01494475/n01494475_17123.JPEG
n01494475/n01494475_17159.JPEG
n01494475/n01494475_17164.JPEG
n01494475/n01494475_17178.JPEG
n01494475/n01494475_17188.JPEG
n01494475/n01494475_172.JPEG
n01494475/n01494475_17215.JPEG
n01494475/n01494475_17216.JPEG
n01494475/n01494475_17239.JPEG
n01494475/n01494475_17249.JPEG
n01494475/n01494475_17279.JPEG
n01494475/n01494475_17295.JPEG
n01494475/n01494475_173.JPEG
n01494475/n01494475_17351.JPEG
n01494475/n01494475_17352.JPEG
n01494475/n01494475_17357.JPEG
n01494475/n01494475_17359.JPEG
n01494475/n01494475_17372.JPEG
n01494475/n01494475_17379.JPEG
n01494475/n01494475_17410.JPEG
n01494475/n01494475_17429.JPEG
n01494475/n01494475_17440.JPEG
n01494475/n01494475_17447.JPEG
n01494475/n01494475_17451.JPEG
n01494475/n01494475_17495.JPEG
n01494475/n01494475_17580.JPEG
n01494475/n01494475_17599.JPEG
n01494475/n01494475_176.JPEG
n01494475/n01494475_1761.JPEG
n01494475/n01494475_17652.JPEG
n01494475/n01494475_17656.JPEG
n01494475/n01494475_17683.JPEG
n01494475/n01494475_17714.JPEG
n01494475/n01494475_17717.JPEG
n01494475/n01494475_17729.JPEG
n01494475/n01494475_17795.JPEG
n01494475/n01494475_17826.JPEG
n01494475/n01494475_17834.JPEG
n01494475/n01494475_17842.JPEG
n01494475/n01494475_179.JPEG
n01494475/n01494475_17910.JPEG
n01494475/n01494475_180.JPEG
n01494475/n01494475_18012.JPEG
n01494475/n01494475_1805.JPEG
n01494475/n01494475_1808.JPEG
n01494475/n01494475_18092.JPEG
n01494475/n01494475_18096.JPEG
n01494475/n01494475_1810.JPEG
n01494475/n01494475_18140.JPEG
n01494475/n01494475_1816.JPEG
n01494475/n01494475_18185.JPEG
n01494475/n01494475_18211.JPEG
n01494475/n01494475_18228.JPEG
n01494475/n01494475_18262.JPEG
n01494475/n01494475_18294.JPEG
n01494475/n01494475_1842.JPEG
n01494475/n01494475_18428.JPEG
n01494475/n01494475_18450.JPEG
n01494475/n01494475_18469.JPEG
n01494475/n01494475_18549.JPEG
n01494475/n01494475_18565.JPEG
n01494475/n01494475_18589.JPEG
n01494475/n01494475_18673.JPEG
n01494475/n01494475_1871.JPEG
n01494475/n01494475_18741.JPEG
n01494475/n01494475_18751.JPEG
n01494475/n01494475_18780.JPEG
n01494475/n01494475_18859.JPEG
n01494475/n01494475_18895.JPEG
n01494475/n01494475_18933.JPEG
n01494475/n01494475_1897.JPEG
n01494475/n01494475_1904.JPEG
n01494475/n01494475_19044.JPEG
n01494475/n01494475_19065.JPEG
n01494475/n01494475_19099.JPEG
n01494475/n01494475_19116.JPEG
n01494475/n01494475_1916.JPEG
n01494475/n01494475_19179.JPEG
n01494475/n01494475_1921.JPEG
n01494475/n01494475_19212.JPEG
n01494475/n01494475_19239.JPEG
n01494475/n01494475_19280.JPEG
n01494475/n01494475_1929.JPEG
n01494475/n01494475_1930.JPEG
n01494475/n01494475_19321.JPEG
n01494475/n01494475_1935.JPEG
n01494475/n01494475_194.JPEG
n01494475/n01494475_19429.JPEG
n01494475/n01494475_19433.JPEG
n01494475/n01494475_1961.JPEG
n01494475/n01494475_1963.JPEG
n01494475/n01494475_19642.JPEG
n01494475/n01494475_19659.JPEG
n01494475/n01494475_19685.JPEG
n01494475/n01494475_1971.JPEG
n01494475/n01494475_19812.JPEG
n01494475/n01494475_19831.JPEG
n01494475/n01494475_199.JPEG
n01494475/n01494475_19954.JPEG
n01494475/n01494475_20.JPEG
n01494475/n01494475_2000.JPEG
n01494475/n01494475_20005.JPEG
n01494475/n01494475_2001.JPEG
n01494475/n01494475_2009.JPEG
n01494475/n01494475_2014.JPEG
n01494475/n01494475_2023.JPEG
n01494475/n01494475_20271.JPEG
n01494475/n01494475_2028.JPEG
n01494475/n01494475_2030.JPEG
n01494475/n01494475_20346.JPEG
n01494475/n01494475_2035.JPEG
n01494475/n01494475_20407.JPEG
n01494475/n01494475_20429.JPEG
n01494475/n01494475_20474.JPEG
n01494475/n01494475_20511.JPEG
n01494475/n01494475_20542.JPEG
n01494475/n01494475_2055.JPEG
n01494475/n01494475_20570.JPEG
n01494475/n01494475_2065.JPEG
n01494475/n01494475_20669.JPEG
n01494475/n01494475_2071.JPEG
n01494475/n01494475_2073.JPEG
n01494475/n01494475_2074.JPEG
n01494475/n01494475_20770.JPEG
n01494475/n01494475_2079.JPEG
n01494475/n01494475_20802.JPEG
n01494475/n01494475_20938.JPEG
n01494475/n01494475_20961.JPEG
n01494475/n01494475_20978.JPEG
n01494475/n01494475_21035.JPEG
n01494475/n01494475_21070.JPEG
n01494475/n01494475_21157.JPEG
n01494475/n01494475_2118.JPEG
n01494475/n01494475_21214.JPEG
n01494475/n01494475_21246.JPEG
n01494475/n01494475_21287.JPEG
n01494475/n01494475_21384.JPEG
n01494475/n01494475_2140.JPEG
n01494475/n01494475_2152.JPEG
n01494475/n01494475_21561.JPEG
n01494475/n01494475_2163.JPEG
n01494475/n01494475_21698.JPEG
n01494475/n01494475_2171.JPEG
n01494475/n01494475_2174.JPEG
n01494475/n01494475_21772.JPEG
n01494475/n01494475_21813.JPEG
n01494475/n01494475_2182.JPEG
n01494475/n01494475_21834.JPEG
n01494475/n01494475_21842.JPEG
n01494475/n01494475_21847.JPEG
n01494475/n01494475_21867.JPEG
n01494475/n01494475_21935.JPEG
n01494475/n01494475_21972.JPEG
n01494475/n01494475_22.JPEG
n01494475/n01494475_2200.JPEG
n01494475/n01494475_22100.JPEG
n01494475/n01494475_22238.JPEG
n01494475/n01494475_22246.JPEG
n01494475/n01494475_22259.JPEG
n01494475/n01494475_2226.JPEG
n01494475/n01494475_22395.JPEG
n01494475/n01494475_2240.JPEG
n01494475/n01494475_22427.JPEG
n01494475/n01494475_2244.JPEG
n01494475/n01494475_22468.JPEG
n01494475/n01494475_22475.JPEG
n01494475/n01494475_22484.JPEG
n01494475/n01494475_22591.JPEG
n01494475/n01494475_2264.JPEG
n01494475/n01494475_22666.JPEG
n01494475/n01494475_2272.JPEG
n01494475/n01494475_2280.JPEG
n01494475/n01494475_2281.JPEG
n01494475/n01494475_22820.JPEG
n01494475/n01494475_22926.JPEG
n01494475/n01494475_22936.JPEG
n01494475/n01494475_22997.JPEG
n01494475/n01494475_230.JPEG
n01494475/n01494475_2303.JPEG
n01494475/n01494475_2306.JPEG
n01494475/n01494475_23172.JPEG
n01494475/n01494475_23189.JPEG
n01494475/n01494475_23277.JPEG
n01494475/n01494475_2331.JPEG
n01494475/n01494475_23315.JPEG
n01494475/n01494475_23338.JPEG
n01494475/n01494475_23340.JPEG
n01494475/n01494475_23352.JPEG
n01494475/n01494475_234.JPEG
n01494475/n01494475_23450.JPEG
n01494475/n01494475_23527.JPEG
n01494475/n01494475_23715.JPEG
n01494475/n01494475_23734.JPEG
n01494475/n01494475_2376.JPEG
n01494475/n01494475_23889.JPEG
n01494475/n01494475_23922.JPEG
n01494475/n01494475_23981.JPEG
n01494475/n01494475_2403.JPEG
n01494475/n01494475_2423.JPEG
n01494475/n01494475_24284.JPEG
n01494475/n01494475_2430.JPEG
n01494475/n01494475_2432.JPEG
n01494475/n01494475_2433.JPEG
n01494475/n01494475_2438.JPEG
n01494475/n01494475_24390.JPEG
n01494475/n01494475_244.JPEG
n01494475/n01494475_24442.JPEG
n01494475/n01494475_2445.JPEG
n01494475/n01494475_245.JPEG
n01494475/n01494475_24555.JPEG
n01494475/n01494475_24567.JPEG
n01494475/n01494475_24635.JPEG
n01494475/n01494475_2464.JPEG
n01494475/n01494475_248.JPEG
n01494475/n01494475_24836.JPEG
n01494475/n01494475_2489.JPEG
n01494475/n01494475_25053.JPEG
n01494475/n01494475_25081.JPEG
n01494475/n01494475_25203.JPEG
n01494475/n01494475_25210.JPEG
n01494475/n01494475_25283.JPEG
n01494475/n01494475_25292.JPEG
n01494475/n01494475_2542.JPEG
n01494475/n01494475_2543.JPEG
n01494475/n01494475_2545.JPEG
n01494475/n01494475_25544.JPEG
n01494475/n01494475_2558.JPEG
n01494475/n01494475_25601.JPEG
n01494475/n01494475_25650.JPEG
n01494475/n01494475_25658.JPEG
n01494475/n01494475_25661.JPEG
n01494475/n01494475_2567.JPEG
n01494475/n01494475_2572.JPEG
n01494475/n01494475_25767.JPEG
n01494475/n01494475_25771.JPEG
n01494475/n01494475_258.JPEG
n01494475/n01494475_2581.JPEG
n01494475/n01494475_2587.JPEG
n01494475/n01494475_2588.JPEG
n01494475/n01494475_26.JPEG
n01494475/n01494475_26094.JPEG
n01494475/n01494475_261.JPEG
n01494475/n01494475_2612.JPEG
n01494475/n01494475_26192.JPEG
n01494475/n01494475_2621.JPEG
n01494475/n01494475_26228.JPEG
n01494475/n01494475_2627.JPEG
n01494475/n01494475_26287.JPEG
n01494475/n01494475_263.JPEG
n01494475/n01494475_2636.JPEG
n01494475/n01494475_264.JPEG
n01494475/n01494475_26573.JPEG
n01494475/n01494475_2659.JPEG
n01494475/n01494475_26604.JPEG
n01494475/n01494475_26640.JPEG
n01494475/n01494475_267.JPEG
n01494475/n01494475_26724.JPEG
n01494475/n01494475_26750.JPEG
n01494475/n01494475_2684.JPEG
n01494475/n01494475_2687.JPEG
n01494475/n01494475_27021.JPEG
n01494475/n01494475_27103.JPEG
n01494475/n01494475_27172.JPEG
n01494475/n01494475_27301.JPEG
n01494475/n01494475_27314.JPEG
n01494475/n01494475_27326.JPEG
n01494475/n01494475_27339.JPEG
n01494475/n01494475_27342.JPEG
n01494475/n01494475_2741.JPEG
n01494475/n01494475_27559.JPEG
n01494475/n01494475_277.JPEG
n01494475/n01494475_278.JPEG
n01494475/n01494475_27810.JPEG
n01494475/n01494475_27846.JPEG
n01494475/n01494475_2793.JPEG
n01494475/n01494475_27984.JPEG
n01494475/n01494475_2799.JPEG
n01494475/n01494475_28035.JPEG
n01494475/n01494475_28059.JPEG
n01494475/n01494475_2807.JPEG
n01494475/n01494475_28071.JPEG
n01494475/n01494475_28076.JPEG
n01494475/n01494475_28078.JPEG
n01494475/n01494475_2808.JPEG
n01494475/n01494475_281.JPEG
n01494475/n01494475_2836.JPEG
n01494475/n01494475_2840.JPEG
n01494475/n01494475_2842.JPEG
n01494475/n01494475_2851.JPEG
n01494475/n01494475_2866.JPEG
n01494475/n01494475_2870.JPEG
n01494475/n01494475_2923.JPEG
n01494475/n01494475_2929.JPEG
n01494475/n01494475_2942.JPEG
n01494475/n01494475_2947.JPEG
n01494475/n01494475_2974.JPEG
n01494475/n01494475_2980.JPEG
n01494475/n01494475_2986.JPEG
n01494475/n01494475_3008.JPEG
n01494475/n01494475_3036.JPEG
n01494475/n01494475_3038.JPEG
n01494475/n01494475_3061.JPEG
n01494475/n01494475_3077.JPEG
n01494475/n01494475_3082.JPEG
n01494475/n01494475_3083.JPEG
n01494475/n01494475_309.JPEG
n01494475/n01494475_3094.JPEG
n01494475/n01494475_31.JPEG
n01494475/n01494475_310.JPEG
n01494475/n01494475_3122.JPEG
n01494475/n01494475_3125.JPEG
n01494475/n01494475_3138.JPEG
n01494475/n01494475_3173.JPEG
n01494475/n01494475_3194.JPEG
n01494475/n01494475_3208.JPEG
n01494475/n01494475_3217.JPEG
n01494475/n01494475_3228.JPEG
n01494475/n01494475_3233.JPEG
n01494475/n01494475_3238.JPEG
n01494475/n01494475_3245.JPEG
n01494475/n01494475_3282.JPEG
n01494475/n01494475_3290.JPEG
n01494475/n01494475_3306.JPEG
n01494475/n01494475_3340.JPEG
n01494475/n01494475_3351.JPEG
n01494475/n01494475_3361.JPEG
n01494475/n01494475_3378.JPEG
n01494475/n01494475_3387.JPEG
n01494475/n01494475_3395.JPEG
n01494475/n01494475_3399.JPEG
n01494475/n01494475_34.JPEG
n01494475/n01494475_341.JPEG
n01494475/n01494475_3410.JPEG
n01494475/n01494475_3415.JPEG
n01494475/n01494475_342.JPEG
n01494475/n01494475_3423.JPEG
n01494475/n01494475_3424.JPEG
n01494475/n01494475_3450.JPEG
n01494475/n01494475_3463.JPEG
n01494475/n01494475_3467.JPEG
n01494475/n01494475_3470.JPEG
n01494475/n01494475_3476.JPEG
n01494475/n01494475_3482.JPEG
n01494475/n01494475_3492.JPEG
n01494475/n01494475_3495.JPEG
n01494475/n01494475_3499.JPEG
n01494475/n01494475_3525.JPEG
n01494475/n01494475_3530.JPEG
n01494475/n01494475_3540.JPEG
n01494475/n01494475_3544.JPEG
n01494475/n01494475_3549.JPEG
n01494475/n01494475_3550.JPEG
n01494475/n01494475_356.JPEG
n01494475/n01494475_3562.JPEG
n01494475/n01494475_3563.JPEG
n01494475/n01494475_3572.JPEG
n01494475/n01494475_3577.JPEG
n01494475/n01494475_3588.JPEG
n01494475/n01494475_3596.JPEG
n01494475/n01494475_361.JPEG
n01494475/n01494475_3610.JPEG
n01494475/n01494475_3615.JPEG
n01494475/n01494475_3622.JPEG
n01494475/n01494475_3623.JPEG
n01494475/n01494475_3625.JPEG
n01494475/n01494475_3631.JPEG
n01494475/n01494475_3634.JPEG
n01494475/n01494475_3651.JPEG
n01494475/n01494475_3653.JPEG
n01494475/n01494475_3672.JPEG
n01494475/n01494475_3676.JPEG
n01494475/n01494475_370.JPEG
n01494475/n01494475_3701.JPEG
n01494475/n01494475_3707.JPEG
n01494475/n01494475_3717.JPEG
n01494475/n01494475_3725.JPEG
n01494475/n01494475_3736.JPEG
n01494475/n01494475_3741.JPEG
n01494475/n01494475_3742.JPEG
n01494475/n01494475_3747.JPEG
n01494475/n01494475_3756.JPEG
n01494475/n01494475_3759.JPEG
n01494475/n01494475_376.JPEG
n01494475/n01494475_3768.JPEG
n01494475/n01494475_3782.JPEG
n01494475/n01494475_3787.JPEG
n01494475/n01494475_3805.JPEG
n01494475/n01494475_3824.JPEG
n01494475/n01494475_3830.JPEG
n01494475/n01494475_3849.JPEG
n01494475/n01494475_3852.JPEG
n01494475/n01494475_3853.JPEG
n01494475/n01494475_3855.JPEG
n01494475/n01494475_3856.JPEG
n01494475/n01494475_3868.JPEG
n01494475/n01494475_3876.JPEG
n01494475/n01494475_3901.JPEG
n01494475/n01494475_3924.JPEG
n01494475/n01494475_393.JPEG
n01494475/n01494475_3936.JPEG
n01494475/n01494475_3942.JPEG
n01494475/n01494475_3945.JPEG
n01494475/n01494475_3956.JPEG
n01494475/n01494475_3959.JPEG
n01494475/n01494475_396.JPEG
n01494475/n01494475_3963.JPEG
n01494475/n01494475_3964.JPEG
n01494475/n01494475_3981.JPEG
n01494475/n01494475_3990.JPEG
n01494475/n01494475_4.JPEG
n01494475/n01494475_4004.JPEG
n01494475/n01494475_4012.JPEG
n01494475/n01494475_4036.JPEG
n01494475/n01494475_4038.JPEG
n01494475/n01494475_4042.JPEG
n01494475/n01494475_4044.JPEG
n01494475/n01494475_4057.JPEG
n01494475/n01494475_4066.JPEG
n01494475/n01494475_4068.JPEG
n01494475/n01494475_4087.JPEG
n01494475/n01494475_4088.JPEG
n01494475/n01494475_4096.JPEG
n01494475/n01494475_4097.JPEG
n01494475/n01494475_4099.JPEG
n01494475/n01494475_4109.JPEG
n01494475/n01494475_4125.JPEG
n01494475/n01494475_4130.JPEG
n01494475/n01494475_4140.JPEG
n01494475/n01494475_4146.JPEG
n01494475/n01494475_4148.JPEG
n01494475/n01494475_4150.JPEG
n01494475/n01494475_4172.JPEG
n01494475/n01494475_4173.JPEG
n01494475/n01494475_4174.JPEG
n01494475/n01494475_4192.JPEG
n01494475/n01494475_4193.JPEG
n01494475/n01494475_4201.JPEG
n01494475/n01494475_4234.JPEG
n01494475/n01494475_4251.JPEG
n01494475/n01494475_426.JPEG
n01494475/n01494475_4263.JPEG
n01494475/n01494475_428.JPEG
n01494475/n01494475_429.JPEG
n01494475/n01494475_4297.JPEG
n01494475/n01494475_4305.JPEG
n01494475/n01494475_4308.JPEG
n01494475/n01494475_433.JPEG
n01494475/n01494475_435.JPEG
n01494475/n01494475_437.JPEG
n01494475/n01494475_4376.JPEG
n01494475/n01494475_438.JPEG
n01494475/n01494475_4386.JPEG
n01494475/n01494475_4395.JPEG
n01494475/n01494475_4401.JPEG
n01494475/n01494475_4408.JPEG
n01494475/n01494475_4412.JPEG
n01494475/n01494475_4418.JPEG
n01494475/n01494475_442.JPEG
n01494475/n01494475_4420.JPEG
n01494475/n01494475_4426.JPEG
n01494475/n01494475_4464.JPEG
n01494475/n01494475_4470.JPEG
n01494475/n01494475_4485.JPEG
n01494475/n01494475_45.JPEG
n01494475/n01494475_4516.JPEG
n01494475/n01494475_4523.JPEG
n01494475/n01494475_4549.JPEG
n01494475/n01494475_4576.JPEG
n01494475/n01494475_4606.JPEG
n01494475/n01494475_4612.JPEG
n01494475/n01494475_4640.JPEG
n01494475/n01494475_465.JPEG
n01494475/n01494475_4693.JPEG
n01494475/n01494475_4699.JPEG
n01494475/n01494475_4712.JPEG
n01494475/n01494475_4713.JPEG
n01494475/n01494475_4717.JPEG
n01494475/n01494475_4719.JPEG
n01494475/n01494475_4735.JPEG
n01494475/n01494475_4743.JPEG
n01494475/n01494475_4751.JPEG
n01494475/n01494475_4786.JPEG
n01494475/n01494475_4789.JPEG
n01494475/n01494475_4790.JPEG
n01494475/n01494475_4791.JPEG
n01494475/n01494475_4795.JPEG
n01494475/n01494475_4835.JPEG
n01494475/n01494475_4859.JPEG
n01494475/n01494475_4872.JPEG
n01494475/n01494475_4875.JPEG
n01494475/n01494475_4876.JPEG
n01494475/n01494475_4877.JPEG
n01494475/n01494475_4880.JPEG
n01494475/n01494475_4886.JPEG
n01494475/n01494475_4888.JPEG
n01494475/n01494475_4889.JPEG
n01494475/n01494475_4925.JPEG
n01494475/n01494475_4926.JPEG
n01494475/n01494475_4968.JPEG
n01494475/n01494475_4969.JPEG
n01494475/n01494475_4973.JPEG
n01494475/n01494475_5.JPEG
n01494475/n01494475_500.JPEG
n01494475/n01494475_501.JPEG
n01494475/n01494475_5034.JPEG
n01494475/n01494475_505.JPEG
n01494475/n01494475_5053.JPEG
n01494475/n01494475_5066.JPEG
n01494475/n01494475_5069.JPEG
n01494475/n01494475_5070.JPEG
n01494475/n01494475_5075.JPEG
n01494475/n01494475_5094.JPEG
n01494475/n01494475_5106.JPEG
n01494475/n01494475_5107.JPEG
n01494475/n01494475_5112.JPEG
n01494475/n01494475_5120.JPEG
n01494475/n01494475_5150.JPEG
n01494475/n01494475_5153.JPEG
n01494475/n01494475_5156.JPEG
n01494475/n01494475_5158.JPEG
n01494475/n01494475_5178.JPEG
n01494475/n01494475_5183.JPEG
n01494475/n01494475_5196.JPEG
n01494475/n01494475_5214.JPEG
n01494475/n01494475_5218.JPEG
n01494475/n01494475_5219.JPEG
n01494475/n01494475_522.JPEG
n01494475/n01494475_5255.JPEG
n01494475/n01494475_5258.JPEG
n01494475/n01494475_5272.JPEG
n01494475/n01494475_528.JPEG
n01494475/n01494475_5307.JPEG
n01494475/n01494475_5322.JPEG
n01494475/n01494475_5338.JPEG
n01494475/n01494475_5340.JPEG
n01494475/n01494475_5341.JPEG
n01494475/n01494475_536.JPEG
n01494475/n01494475_5365.JPEG
n01494475/n01494475_5368.JPEG
n01494475/n01494475_5369.JPEG
n01494475/n01494475_538.JPEG
n01494475/n01494475_5380.JPEG
n01494475/n01494475_5381.JPEG
n01494475/n01494475_5390.JPEG
n01494475/n01494475_5400.JPEG
n01494475/n01494475_5404.JPEG
n01494475/n01494475_5406.JPEG
n01494475/n01494475_5409.JPEG
n01494475/n01494475_5423.JPEG
n01494475/n01494475_5435.JPEG
n01494475/n01494475_5440.JPEG
n01494475/n01494475_5445.JPEG
n01494475/n01494475_547.JPEG
n01494475/n01494475_5507.JPEG
n01494475/n01494475_5517.JPEG
n01494475/n01494475_5527.JPEG
n01494475/n01494475_5531.JPEG
n01494475/n01494475_5547.JPEG
n01494475/n01494475_5555.JPEG
n01494475/n01494475_557.JPEG
n01494475/n01494475_5592.JPEG
n01494475/n01494475_562.JPEG
n01494475/n01494475_563.JPEG
n01494475/n01494475_5651.JPEG
n01494475/n01494475_5653.JPEG
n01494475/n01494475_5655.JPEG
n01494475/n01494475_5665.JPEG
n01494475/n01494475_5674.JPEG
n01494475/n01494475_5698.JPEG
n01494475/n01494475_570.JPEG
n01494475/n01494475_5714.JPEG
n01494475/n01494475_572.JPEG
n01494475/n01494475_5727.JPEG
n01494475/n01494475_5729.JPEG
n01494475/n01494475_5731.JPEG
n01494475/n01494475_5745.JPEG
n01494475/n01494475_5755.JPEG
n01494475/n01494475_5776.JPEG
n01494475/n01494475_5784.JPEG
n01494475/n01494475_58.JPEG
n01494475/n01494475_5821.JPEG
n01494475/n01494475_5840.JPEG
n01494475/n01494475_5858.JPEG
n01494475/n01494475_586.JPEG
n01494475/n01494475_5868.JPEG
n01494475/n01494475_5876.JPEG
n01494475/n01494475_5888.JPEG
n01494475/n01494475_590.JPEG
n01494475/n01494475_5903.JPEG
n01494475/n01494475_5913.JPEG
n01494475/n01494475_5925.JPEG
n01494475/n01494475_5944.JPEG
n01494475/n01494475_5957.JPEG
n01494475/n01494475_5961.JPEG
n01494475/n01494475_5968.JPEG
n01494475/n01494475_5981.JPEG
n01494475/n01494475_6.JPEG
n01494475/n01494475_600.JPEG
n01494475/n01494475_6031.JPEG
n01494475/n01494475_6033.JPEG
n01494475/n01494475_6034.JPEG
n01494475/n01494475_6040.JPEG
n01494475/n01494475_6046.JPEG
n01494475/n01494475_6051.JPEG
n01494475/n01494475_6063.JPEG
n01494475/n01494475_6069.JPEG
n01494475/n01494475_6072.JPEG
n01494475/n01494475_6077.JPEG
n01494475/n01494475_608.JPEG
n01494475/n01494475_6104.JPEG
n01494475/n01494475_6119.JPEG
n01494475/n01494475_6123.JPEG
n01494475/n01494475_6175.JPEG
n01494475/n01494475_618.JPEG
n01494475/n01494475_6184.JPEG
n01494475/n01494475_620.JPEG
n01494475/n01494475_6207.JPEG
n01494475/n01494475_6212.JPEG
n01494475/n01494475_6220.JPEG
n01494475/n01494475_6236.JPEG
n01494475/n01494475_6237.JPEG
n01494475/n01494475_6240.JPEG
n01494475/n01494475_626.JPEG
n01494475/n01494475_6268.JPEG
n01494475/n01494475_627.JPEG
n01494475/n01494475_6270.JPEG
n01494475/n01494475_6274.JPEG
n01494475/n01494475_6280.JPEG
n01494475/n01494475_6294.JPEG
n01494475/n01494475_6299.JPEG
n01494475/n01494475_6311.JPEG
n01494475/n01494475_6324.JPEG
n01494475/n01494475_6331.JPEG
n01494475/n01494475_6334.JPEG
n01494475/n01494475_6356.JPEG
n01494475/n01494475_6373.JPEG
n01494475/n01494475_6375.JPEG
n01494475/n01494475_6377.JPEG
n01494475/n01494475_6381.JPEG
n01494475/n01494475_6390.JPEG
n01494475/n01494475_6397.JPEG
n01494475/n01494475_6400.JPEG
n01494475/n01494475_641.JPEG
n01494475/n01494475_6413.JPEG
n01494475/n01494475_6414.JPEG
n01494475/n01494475_6425.JPEG
n01494475/n01494475_6432.JPEG
n01494475/n01494475_644.JPEG
n01494475/n01494475_6447.JPEG
n01494475/n01494475_6466.JPEG
n01494475/n01494475_6480.JPEG
n01494475/n01494475_6492.JPEG
n01494475/n01494475_6503.JPEG
n01494475/n01494475_6508.JPEG
n01494475/n01494475_6520.JPEG
n01494475/n01494475_6546.JPEG
n01494475/n01494475_6556.JPEG
n01494475/n01494475_6595.JPEG
n01494475/n01494475_6602.JPEG
n01494475/n01494475_6608.JPEG
n01494475/n01494475_6623.JPEG
n01494475/n01494475_6625.JPEG
n01494475/n01494475_665.JPEG
n01494475/n01494475_6669.JPEG
n01494475/n01494475_6677.JPEG
n01494475/n01494475_6697.JPEG
n01494475/n01494475_670.JPEG
n01494475/n01494475_6702.JPEG
n01494475/n01494475_6705.JPEG
n01494475/n01494475_6711.JPEG
n01494475/n01494475_6721.JPEG
n01494475/n01494475_6729.JPEG
n01494475/n01494475_6731.JPEG
n01494475/n01494475_6735.JPEG
n01494475/n01494475_6746.JPEG
n01494475/n01494475_6748.JPEG
n01494475/n01494475_6753.JPEG
n01494475/n01494475_677.JPEG
n01494475/n01494475_6778.JPEG
n01494475/n01494475_6780.JPEG
n01494475/n01494475_6782.JPEG
n01494475/n01494475_6811.JPEG
n01494475/n01494475_6831.JPEG
n01494475/n01494475_6840.JPEG
n01494475/n01494475_6849.JPEG
n01494475/n01494475_6852.JPEG
n01494475/n01494475_6857.JPEG
n01494475/n01494475_6867.JPEG
n01494475/n01494475_6872.JPEG
n01494475/n01494475_6875.JPEG
n01494475/n01494475_6893.JPEG
n01494475/n01494475_690.JPEG
n01494475/n01494475_6905.JPEG
n01494475/n01494475_6911.JPEG
n01494475/n01494475_6912.JPEG
n01494475/n01494475_6923.JPEG
n01494475/n01494475_6925.JPEG
n01494475/n01494475_6930.JPEG
n01494475/n01494475_6932.JPEG
n01494475/n01494475_694.JPEG
n01494475/n01494475_6971.JPEG
n01494475/n01494475_6976.JPEG
n01494475/n01494475_6983.JPEG
n01494475/n01494475_6995.JPEG
n01494475/n01494475_6998.JPEG
n01494475/n01494475_70.JPEG
n01494475/n01494475_7006.JPEG
n01494475/n01494475_7011.JPEG
n01494475/n01494475_7017.JPEG
n01494475/n01494475_7021.JPEG
n01494475/n01494475_7028.JPEG
n01494475/n01494475_7038.JPEG
n01494475/n01494475_7051.JPEG
n01494475/n01494475_7064.JPEG
n01494475/n01494475_7066.JPEG
n01494475/n01494475_7070.JPEG
n01494475/n01494475_7072.JPEG
n01494475/n01494475_7082.JPEG
n01494475/n01494475_7090.JPEG
n01494475/n01494475_7109.JPEG
n01494475/n01494475_7117.JPEG
n01494475/n01494475_7120.JPEG
n01494475/n01494475_7121.JPEG
n01494475/n01494475_7129.JPEG
n01494475/n01494475_714.JPEG
n01494475/n01494475_7150.JPEG
n01494475/n01494475_7152.JPEG
n01494475/n01494475_7160.JPEG
n01494475/n01494475_7179.JPEG
n01494475/n01494475_7183.JPEG
n01494475/n01494475_7187.JPEG
n01494475/n01494475_7194.JPEG
n01494475/n01494475_7206.JPEG
n01494475/n01494475_7213.JPEG
n01494475/n01494475_7219.JPEG
n01494475/n01494475_7246.JPEG
n01494475/n01494475_7253.JPEG
n01494475/n01494475_7255.JPEG
n01494475/n01494475_7268.JPEG
n01494475/n01494475_7271.JPEG
n01494475/n01494475_7300.JPEG
n01494475/n01494475_7311.JPEG
n01494475/n01494475_7315.JPEG
n01494475/n01494475_732.JPEG
n01494475/n01494475_7323.JPEG
n01494475/n01494475_7324.JPEG
n01494475/n01494475_7329.JPEG
n01494475/n01494475_7330.JPEG
n01494475/n01494475_7343.JPEG
n01494475/n01494475_7347.JPEG
n01494475/n01494475_7351.JPEG
n01494475/n01494475_7357.JPEG
n01494475/n01494475_736.JPEG
n01494475/n01494475_742.JPEG
n01494475/n01494475_7425.JPEG
n01494475/n01494475_7426.JPEG
n01494475/n01494475_7440.JPEG
n01494475/n01494475_7446.JPEG
n01494475/n01494475_7454.JPEG
n01494475/n01494475_746.JPEG
n01494475/n01494475_7470.JPEG
n01494475/n01494475_7471.JPEG
n01494475/n01494475_7489.JPEG
n01494475/n01494475_749.JPEG
n01494475/n01494475_7497.JPEG
n01494475/n01494475_7518.JPEG
n01494475/n01494475_7519.JPEG
n01494475/n01494475_7521.JPEG
n01494475/n01494475_7536.JPEG
n01494475/n01494475_7537.JPEG
n01494475/n01494475_7555.JPEG
n01494475/n01494475_7557.JPEG
n01494475/n01494475_7560.JPEG
n01494475/n01494475_7561.JPEG
n01494475/n01494475_7565.JPEG
n01494475/n01494475_7579.JPEG
n01494475/n01494475_7585.JPEG
n01494475/n01494475_7588.JPEG
n01494475/n01494475_7594.JPEG
n01494475/n01494475_7605.JPEG
n01494475/n01494475_7607.JPEG
n01494475/n01494475_761.JPEG
n01494475/n01494475_7612.JPEG
n01494475/n01494475_7613.JPEG
n01494475/n01494475_7626.JPEG
n01494475/n01494475_7633.JPEG
n01494475/n01494475_7636.JPEG
n01494475/n01494475_7637.JPEG
n01494475/n01494475_7643.JPEG
n01494475/n01494475_7655.JPEG
n01494475/n01494475_7659.JPEG
n01494475/n01494475_7675.JPEG
n01494475/n01494475_7680.JPEG
n01494475/n01494475_7681.JPEG
n01494475/n01494475_7690.JPEG
n01494475/n01494475_7710.JPEG
n01494475/n01494475_772.JPEG
n01494475/n01494475_7755.JPEG
n01494475/n01494475_7774.JPEG
n01494475/n01494475_7789.JPEG
n01494475/n01494475_7797.JPEG
n01494475/n01494475_7808.JPEG
n01494475/n01494475_7813.JPEG
n01494475/n01494475_7821.JPEG
n01494475/n01494475_7827.JPEG
n01494475/n01494475_7831.JPEG
n01494475/n01494475_7838.JPEG
n01494475/n01494475_7856.JPEG
n01494475/n01494475_7858.JPEG
n01494475/n01494475_787.JPEG
n01494475/n01494475_7889.JPEG
n01494475/n01494475_789.JPEG
n01494475/n01494475_7901.JPEG
n01494475/n01494475_7915.JPEG
n01494475/n01494475_7944.JPEG
n01494475/n01494475_7965.JPEG
n01494475/n01494475_7966.JPEG
n01494475/n01494475_7992.JPEG
n01494475/n01494475_8.JPEG
n01494475/n01494475_800.JPEG
n01494475/n01494475_8000.JPEG
n01494475/n01494475_8005.JPEG
n01494475/n01494475_8006.JPEG
n01494475/n01494475_8027.JPEG
n01494475/n01494475_8040.JPEG
n01494475/n01494475_805.JPEG
n01494475/n01494475_8054.JPEG
n01494475/n01494475_8061.JPEG
n01494475/n01494475_8065.JPEG
n01494475/n01494475_8069.JPEG
n01494475/n01494475_8071.JPEG
n01494475/n01494475_8073.JPEG
n01494475/n01494475_809.JPEG
n01494475/n01494475_8093.JPEG
n01494475/n01494475_8094.JPEG
n01494475/n01494475_8097.JPEG
n01494475/n01494475_810.JPEG
n01494475/n01494475_812.JPEG
n01494475/n01494475_8133.JPEG
n01494475/n01494475_8149.JPEG
n01494475/n01494475_8155.JPEG
n01494475/n01494475_8212.JPEG
n01494475/n01494475_823.JPEG
n01494475/n01494475_824.JPEG
n01494475/n01494475_8246.JPEG
n01494475/n01494475_8259.JPEG
n01494475/n01494475_8260.JPEG
n01494475/n01494475_8264.JPEG
n01494475/n01494475_8300.JPEG
n01494475/n01494475_834.JPEG
n01494475/n01494475_8348.JPEG
n01494475/n01494475_8359.JPEG
n01494475/n01494475_8365.JPEG
n01494475/n01494475_8409.JPEG
n01494475/n01494475_8446.JPEG
n01494475/n01494475_8454.JPEG
n01494475/n01494475_8455.JPEG
n01494475/n01494475_8459.JPEG
n01494475/n01494475_8462.JPEG
n01494475/n01494475_8508.JPEG
n01494475/n01494475_851.JPEG
n01494475/n01494475_8524.JPEG
n01494475/n01494475_8539.JPEG
n01494475/n01494475_8560.JPEG
n01494475/n01494475_8588.JPEG
n01494475/n01494475_8637.JPEG
n01494475/n01494475_8653.JPEG
n01494475/n01494475_8666.JPEG
n01494475/n01494475_8709.JPEG
n01494475/n01494475_8711.JPEG
n01494475/n01494475_872.JPEG
n01494475/n01494475_8729.JPEG
n01494475/n01494475_8749.JPEG
n01494475/n01494475_8757.JPEG
n01494475/n01494475_876.JPEG
n01494475/n01494475_8761.JPEG
n01494475/n01494475_8766.JPEG
n01494475/n01494475_8791.JPEG
n01494475/n01494475_883.JPEG
n01494475/n01494475_8830.JPEG
n01494475/n01494475_8839.JPEG
n01494475/n01494475_8849.JPEG
n01494475/n01494475_8856.JPEG
n01494475/n01494475_8870.JPEG
n01494475/n01494475_8878.JPEG
n01494475/n01494475_8889.JPEG
n01494475/n01494475_8890.JPEG
n01494475/n01494475_8894.JPEG
n01494475/n01494475_890.JPEG
n01494475/n01494475_891.JPEG
n01494475/n01494475_8917.JPEG
n01494475/n01494475_8931.JPEG
n01494475/n01494475_8946.JPEG
n01494475/n01494475_8954.JPEG
n01494475/n01494475_8960.JPEG
n01494475/n01494475_8965.JPEG
n01494475/n01494475_8992.JPEG
n01494475/n01494475_9002.JPEG
n01494475/n01494475_9019.JPEG
n01494475/n01494475_902.JPEG
n01494475/n01494475_9071.JPEG
n01494475/n01494475_9076.JPEG
n01494475/n01494475_910.JPEG
n01494475/n01494475_911.JPEG
n01494475/n01494475_9116.JPEG
n01494475/n01494475_9155.JPEG
n01494475/n01494475_9162.JPEG
n01494475/n01494475_9172.JPEG
n01494475/n01494475_9191.JPEG
n01494475/n01494475_9202.JPEG
n01494475/n01494475_9208.JPEG
n01494475/n01494475_923.JPEG
n01494475/n01494475_9283.JPEG
n01494475/n01494475_9291.JPEG
n01494475/n01494475_9296.JPEG
n01494475/n01494475_93.JPEG
n01494475/n01494475_9312.JPEG
n01494475/n01494475_9327.JPEG
n01494475/n01494475_9333.JPEG
n01494475/n01494475_9355.JPEG
n01494475/n01494475_937.JPEG
n01494475/n01494475_9407.JPEG
n01494475/n01494475_9428.JPEG
n01494475/n01494475_9519.JPEG
n01494475/n01494475_953.JPEG
n01494475/n01494475_9546.JPEG
n01494475/n01494475_9559.JPEG
n01494475/n01494475_9563.JPEG
n01494475/n01494475_9567.JPEG
n01494475/n01494475_9572.JPEG
n01494475/n01494475_9573.JPEG
n01494475/n01494475_9584.JPEG
n01494475/n01494475_959.JPEG
n01494475/n01494475_9603.JPEG
n01494475/n01494475_9609.JPEG
n01494475/n01494475_9631.JPEG
n01494475/n01494475_9642.JPEG
n01494475/n01494475_970.JPEG
n01494475/n01494475_9720.JPEG
n01494475/n01494475_9735.JPEG
n01494475/n01494475_9737.JPEG
n01494475/n01494475_9751.JPEG
n01494475/n01494475_9758.JPEG
n01494475/n01494475_979.JPEG
n01494475/n01494475_981.JPEG
n01494475/n01494475_9842.JPEG
n01494475/n01494475_994.JPEG
n01494475/n01494475_9982.JPEG